{
  "cells": [
    {
      "cell_type": "markdown",
      "metadata": {
        "id": "XNwBhCh5_fcM"
      },
      "source": [
        "# Air Quality Analysis and Prediction\n",
        "\n"
      ]
    },
    {
      "cell_type": "markdown",
      "metadata": {
        "id": "te7o-qDYH5Pl"
      },
      "source": [
        "---"
      ]
    },
    {
      "cell_type": "markdown",
      "metadata": {
        "id": "rlYD5Go09y1Q"
      },
      "source": [
        "# Section 1: Define and describe the dataset\n",
        "\n",
        "10 points\n",
        "\n",
        "Import the dataset, and describe why you'll be analyzing in it. You can summarize a few columns, show a more information on the relavent features, or but help the reader understand what the dataset is, what is in it, and why you picked it.\n",
        "\n",
        "Some questions that it might help you to answer:\n",
        "1. Why are you choosing this dataset?\n",
        "1. What variables will you use?\n",
        "1. What analysis(es) will you run?\n",
        "1. Do you have any hypotheses? What are they?\n",
        "\n",
        "### This section should include one or more of the following:\n",
        "- A histogram of several features relavent to your analysis\n",
        "- The schema of the dataset, with the datatypes assigned correctly\n",
        "- A text cell with explainations of the relavent features in [markdown](https://www.markdownguide.org/cheat-sheet)\n",
        "- Use Spark SQL or built-in methods to show a range of values\n",
        "- Most common words/n-grams found"
      ]
    },
    {
      "cell_type": "markdown",
      "metadata": {
        "id": "MLSd0c_16dU-"
      },
      "source": [
        "#####INSTALLING PYSPARK WILL BE THE FIRST STEP\n"
      ]
    },
    {
      "cell_type": "code",
      "execution_count": null,
      "metadata": {
        "id": "AXLF1DHU8OuX",
        "colab": {
          "base_uri": "https://localhost:8080/"
        },
        "outputId": "bcd88433-3248-4d78-8cee-14e67188ce37"
      },
      "outputs": [
        {
          "output_type": "stream",
          "name": "stdout",
          "text": [
            "Mounted at /content/gdrive\n"
          ]
        }
      ],
      "source": [
        "!apt-get install openjdk-8-jdk-headless -qq > /dev/null\n",
        "!wget -q https://archive.apache.org/dist/spark/spark-3.5.0/spark-3.5.0-bin-hadoop3.tgz\n",
        "!tar xf spark-3.5.0-bin-hadoop3.tgz\n",
        "\n",
        "import os\n",
        "os.environ[\"JAVA_HOME\"] = \"/usr/lib/jvm/java-8-openjdk-amd64\"\n",
        "os.environ[\"SPARK_HOME\"] = \"/content/spark-3.5.0-bin-hadoop3\"\n",
        "\n",
        "!python -m pip install -q findspark\n",
        "\n",
        "import findspark\n",
        "findspark.init()\n",
        "\n",
        "from google.colab import drive\n",
        "drive.mount('/content/gdrive')"
      ]
    },
    {
      "cell_type": "code",
      "execution_count": null,
      "metadata": {
        "id": "CU1lvsE_6zOy",
        "colab": {
          "base_uri": "https://localhost:8080/",
          "height": 221
        },
        "outputId": "0634d81c-7975-4e2e-f051-2d6fa1b1dc51"
      },
      "outputs": [
        {
          "output_type": "execute_result",
          "data": {
            "text/plain": [
              "<pyspark.sql.session.SparkSession at 0x7c2e544a8220>"
            ],
            "text/html": [
              "\n",
              "            <div>\n",
              "                <p><b>SparkSession - in-memory</b></p>\n",
              "                \n",
              "        <div>\n",
              "            <p><b>SparkContext</b></p>\n",
              "\n",
              "            <p><a href=\"http://b01d47de5049:4040\">Spark UI</a></p>\n",
              "\n",
              "            <dl>\n",
              "              <dt>Version</dt>\n",
              "                <dd><code>v3.5.0</code></dd>\n",
              "              <dt>Master</dt>\n",
              "                <dd><code>local[*]</code></dd>\n",
              "              <dt>AppName</dt>\n",
              "                <dd><code>Air Quality Analysis</code></dd>\n",
              "            </dl>\n",
              "        </div>\n",
              "        \n",
              "            </div>\n",
              "        "
            ]
          },
          "metadata": {},
          "execution_count": 2
        }
      ],
      "source": [
        "from pyspark.sql import SparkSession\n",
        "\n",
        "spark = SparkSession.builder.appName(\"Air Quality Analysis\").getOrCreate()\n",
        "\n",
        "spark\n",
        "\n"
      ]
    },
    {
      "cell_type": "code",
      "execution_count": null,
      "metadata": {
        "id": "TFXnWMoE8v7-",
        "colab": {
          "base_uri": "https://localhost:8080/"
        },
        "outputId": "ddb638e9-ae74-4a28-88ae-21c466284956"
      },
      "outputs": [
        {
          "output_type": "stream",
          "name": "stdout",
          "text": [
            "+----------+--------+------+-----------+--------+--------+-------------+-------+------------+-------+------------+-----------+----+----+-----+\n",
            "|      Date|    Time|CO(GT)|PT08.S1(CO)|NMHC(GT)|C6H6(GT)|PT08.S2(NMHC)|NOx(GT)|PT08.S3(NOx)|NO2(GT)|PT08.S4(NO2)|PT08.S5(O3)|   T|  RH|   AH|\n",
            "+----------+--------+------+-----------+--------+--------+-------------+-------+------------+-------+------------+-----------+----+----+-----+\n",
            "|10/03/2004|18.00.00|   2,6|       1360|     150|    11,9|         1046|    166|        1056|    113|        1692|       1268|13,6|48,9|7,578|\n",
            "|10/03/2004|19.00.00|     2|       1292|     112|     9,4|          955|    103|        1174|     92|        1559|        972|13,3|47,7|7,255|\n",
            "|10/03/2004|20.00.00|   2,2|       1402|      88|     9,0|          939|    131|        1140|    114|        1555|       1074|11,9|54,0|7,502|\n",
            "|10/03/2004|21.00.00|   2,2|       1376|      80|     9,2|          948|    172|        1092|    122|        1584|       1203|11,0|60,0|7,867|\n",
            "|10/03/2004|22.00.00|   1,6|       1272|      51|     6,5|          836|    131|        1205|    116|        1490|       1110|11,2|59,6|7,888|\n",
            "|10/03/2004|23.00.00|   1,2|       1197|      38|     4,7|          750|     89|        1337|     96|        1393|        949|11,2|59,2|7,848|\n",
            "|11/03/2004|00.00.00|   1,2|       1185|      31|     3,6|          690|     62|        1462|     77|        1333|        733|11,3|56,8|7,603|\n",
            "|11/03/2004|01.00.00|     1|       1136|      31|     3,3|          672|     62|        1453|     76|        1333|        730|10,7|60,0|7,702|\n",
            "|11/03/2004|02.00.00|   0,9|       1094|      24|     2,3|          609|     45|        1579|     60|        1276|        620|10,7|59,7|7,648|\n",
            "|11/03/2004|03.00.00|   0,6|       1010|      19|     1,7|          561|   -200|        1705|   -200|        1235|        501|10,3|60,2|7,517|\n",
            "|11/03/2004|04.00.00|  -200|       1011|      14|     1,3|          527|     21|        1818|     34|        1197|        445|10,1|60,5|7,465|\n",
            "|11/03/2004|05.00.00|   0,7|       1066|       8|     1,1|          512|     16|        1918|     28|        1182|        422|11,0|56,2|7,366|\n",
            "|11/03/2004|06.00.00|   0,7|       1052|      16|     1,6|          553|     34|        1738|     48|        1221|        472|10,5|58,1|7,353|\n",
            "|11/03/2004|07.00.00|   1,1|       1144|      29|     3,2|          667|     98|        1490|     82|        1339|        730|10,2|59,6|7,417|\n",
            "|11/03/2004|08.00.00|     2|       1333|      64|     8,0|          900|    174|        1136|    112|        1517|       1102|10,8|57,4|7,408|\n",
            "|11/03/2004|09.00.00|   2,2|       1351|      87|     9,5|          960|    129|        1079|    101|        1583|       1028|10,5|60,6|7,691|\n",
            "|11/03/2004|10.00.00|   1,7|       1233|      77|     6,3|          827|    112|        1218|     98|        1446|        860|10,8|58,4|7,552|\n",
            "|11/03/2004|11.00.00|   1,5|       1179|      43|     5,0|          762|     95|        1328|     92|        1362|        671|10,5|57,9|7,352|\n",
            "|11/03/2004|12.00.00|   1,6|       1236|      61|     5,2|          774|    104|        1301|     95|        1401|        664| 9,5|66,8|7,951|\n",
            "|11/03/2004|13.00.00|   1,9|       1286|      63|     7,3|          869|    146|        1162|    112|        1537|        799| 8,3|76,4|8,393|\n",
            "+----------+--------+------+-----------+--------+--------+-------------+-------+------------+-------+------------+-----------+----+----+-----+\n",
            "only showing top 20 rows\n",
            "\n"
          ]
        }
      ],
      "source": [
        "data = spark.read.csv(\"/content/gdrive/MyDrive/air-quality-data.csv\", header = True, inferSchema = True)\n",
        "data.show()"
      ]
    },
    {
      "cell_type": "code",
      "execution_count": null,
      "metadata": {
        "id": "CzgIGDIJ9nJs",
        "colab": {
          "base_uri": "https://localhost:8080/"
        },
        "outputId": "305e8bd9-c4a4-4488-915d-7f7bea212c7b"
      },
      "outputs": [
        {
          "output_type": "stream",
          "name": "stdout",
          "text": [
            "root\n",
            " |-- Date: string (nullable = true)\n",
            " |-- Time: string (nullable = true)\n",
            " |-- CO(GT): string (nullable = true)\n",
            " |-- PT08.S1(CO): integer (nullable = true)\n",
            " |-- NMHC(GT): integer (nullable = true)\n",
            " |-- C6H6(GT): string (nullable = true)\n",
            " |-- PT08.S2(NMHC): integer (nullable = true)\n",
            " |-- NOx(GT): integer (nullable = true)\n",
            " |-- PT08.S3(NOx): integer (nullable = true)\n",
            " |-- NO2(GT): integer (nullable = true)\n",
            " |-- PT08.S4(NO2): integer (nullable = true)\n",
            " |-- PT08.S5(O3): integer (nullable = true)\n",
            " |-- T: string (nullable = true)\n",
            " |-- RH: string (nullable = true)\n",
            " |-- AH: string (nullable = true)\n",
            "\n"
          ]
        }
      ],
      "source": [
        "data.printSchema()"
      ]
    },
    {
      "cell_type": "markdown",
      "metadata": {
        "id": "zt6GjfAfDEfn"
      },
      "source": [
        "##### Describing the Meaning of Each Column in the Dataset\n",
        "\n",
        "##### Date:\n",
        "- **Definition:** This column represents the date on which the measurements were taken.\n",
        "- **Format:** The date is in the format \"DD/MM/YYYY\", where DD is the day, MM is the month, and YYYY is the year.\n",
        "\n",
        "##### Time:\n",
        "- **Definition:** This column represents the time at which the measurements were taken.\n",
        "- **Format:** The time is in the format \"HH:MM:SS\", where HH is the hour (in 24-hour format), MM is the minute, and SS is the second.\n",
        "\n",
        "##### CO(GT):\n",
        "- **Definition:** This column represents the concentration of carbon monoxide (CO) in the air.\n",
        "- **Unit:** Parts per million (ppm).\n",
        "\n",
        "##### PT08.S1(CO):\n",
        "- **Definition:** This column represents the Tin Oxide (SnO2) sensor response for carbon monoxide (CO).\n",
        "- **Unit:** Relative response.\n",
        "\n",
        "##### NMHC(GT):\n",
        "- **Definition:** This column represents the concentration of non-methane hydrocarbons (NMHC) in the air.\n",
        "- **Unit:** Micrograms per cubic meter (µg/m³).\n",
        "\n",
        "##### C6H6(GT):\n",
        "- **Definition:** This column represents the concentration of benzene (C6H6) in the air.\n",
        "- **Unit:** Micrograms per cubic meter (µg/m³).\n",
        "\n",
        "##### PT08.S2(NMHC):\n",
        "- **Definition:** This column represents the Titania (TiO2) sensor response for non-methane hydrocarbons (NMHC).\n",
        "- **Unit:** Relative response.\n",
        "\n",
        "##### NOx(GT):\n",
        "- **Definition:** This column represents the concentration of nitrogen oxides (NOx) in the air.\n",
        "- **Unit:** Parts per billion (ppb).\n",
        "\n",
        "##### PT08.S3(NOx):\n",
        "- **Definition:** This column represents the Tungsten Oxide (WO3) sensor response for nitrogen oxides (NOx).\n",
        "- **Unit:** Relative response.\n",
        "\n",
        "##### NO2(GT):\n",
        "- **Definition:** This column represents the concentration of nitrogen dioxide (NO2) in the air.\n",
        "- **Unit:** Parts per billion (ppb).\n",
        "\n",
        "##### PT08.S4(NO2):\n",
        "- **Definition:** This column represents the Tungsten Oxide (WO3) sensor response for nitrogen dioxide (NO2).\n",
        "- **Unit:** Relative response.\n",
        "\n",
        "##### PT08.S5(O3):\n",
        "- **Definition:** This column represents the Indium Oxide (In2O3) sensor response for ozone (O3).\n",
        "- **Unit:** Relative response.\n",
        "\n",
        "##### T:\n",
        "- **Definition:** This column represents the temperature at the time of measurement.\n",
        "- **Unit:** Degrees Celsius (°C).\n",
        "\n",
        "##### RH:\n",
        "- **Definition:** This column represents the relative humidity at the time of measurement.\n",
        "- **Unit:** Percentage (%).\n",
        "\n",
        "##### AH:\n",
        "- **Definition:** This column represents the absolute humidity at the time of measurement.\n",
        "- **Calculation:** AH = (absolute humidity * 100) / saturation vapor pressure at the current temperature.\n",
        "- **Unit:** Grams per cubic meter (g/m³).\n"
      ]
    },
    {
      "cell_type": "markdown",
      "metadata": {
        "id": "6O4U6y9wDi_D"
      },
      "source": [
        "##### Reasons for Choosing the Dataset\n",
        "I chose this dataset for several reasons:\n",
        "- **Relevance:** The dataset contains measurements related to air quality, which is a crucial aspect of environmental and public health.\n",
        "- **Availability:** The dataset is readily available and provides a comprehensive set of attributes for analysis.\n",
        "- **Interest:** Analyzing air quality data aligns with my interest in environmental science and data analysis.\n",
        "\n",
        "##### Variables to Use\n",
        "I will primarily focus on the following variables for analysis:\n",
        "- **CO(GT):** Concentration of carbon monoxide in the air.\n",
        "- **NMHC(GT):** Concentration of non-methane hydrocarbons in the air.\n",
        "- **NOx(GT):** Concentration of nitrogen oxides in the air.\n",
        "- **T:** Temperature at the time of measurement.\n",
        "- **RH:** Relative humidity at the time of measurement.\n",
        "\n",
        "##### Analysis to Run\n",
        "I plan to perform the following analyses:\n",
        "- **Descriptive Analysis:** Summarize the key statistics and distributions of the selected variables.\n",
        "- **Correlation Analysis:** Explore the relationships between different variables, particularly between air pollutants and environmental factors such as temperature and humidity.\n",
        "- **Hypothesis Testing:** Test hypotheses regarding the effects of environmental factors on air pollution levels.\n",
        "\n",
        "##### Hypotheses\n",
        "Based on initial observations, I have the this hypotheses:\n",
        "\n",
        "**Temperature and Air Quality:** I hypothesize that there is a positive correlation between temperature and the concentration of air pollutants such as carbon monoxide and non-methane hydrocarbons. Higher temperatures may lead to increased emissions and higher pollutant concentrations.\n",
        "\n"
      ]
    },
    {
      "cell_type": "markdown",
      "metadata": {
        "id": "tHg1rnXJEObb"
      },
      "source": [
        "#####Explanation of Relevant Features\n",
        "\n",
        " - **CO(GT)**: Concentration of carbon monoxide in parts per million (ppm). This feature is crucial for understanding the level of carbon monoxide, which is a harmful air pollutant.\n",
        "\n",
        "- **NMHC(GT)**: Concentration of non-methane hydrocarbons in micrograms per cubic meter (µg/m³). Non-methane hydrocarbons contribute to air pollution and can have adverse effects on human health and the environment.\n",
        "\n",
        "- **NOx(GT)**: Concentration of nitrogen oxides in parts per billion (ppb). Nitrogen oxides are air pollutants that contribute to the formation of smog and acid rain, and can have respiratory and environmental impacts.\n",
        "\n",
        "- **T**: Temperature in degrees Celsius (°C). Temperature is an important environmental factor that can influence the concentration and behavior of air pollutants."
      ]
    },
    {
      "cell_type": "markdown",
      "metadata": {
        "id": "xW9ts_t38Qmh"
      },
      "source": [
        "# Section 2: Clean the data\n",
        "\n",
        "10 points\n",
        "\n",
        "Not every dataset is going to be ready to use right away. Take steps to fix incorrect inputs, remove null values, and assign datatypes that fit each feature.\n",
        "\n",
        "### This section should include one or more of the following:\n",
        "- A count of rows before and after dropping data with null or incorrect values, including an explaination of why removing the rows was necessary in [markdown](https://www.markdownguide.org/cheat-sheet).\n",
        "- Renaming a column, adding a new one, or casting an existing one as a different datatype.\n",
        "- Remove punctuation marks, symbols, etc from the data, and convert all upper-case lettering to lower-case.\n",
        "- Remove or fix rows that have bad values/data."
      ]
    },
    {
      "cell_type": "code",
      "execution_count": null,
      "metadata": {
        "id": "5cX771Hn8TCE",
        "colab": {
          "base_uri": "https://localhost:8080/"
        },
        "outputId": "5772dfcf-f6d2-4b64-b2cf-561f0163b139"
      },
      "outputs": [
        {
          "output_type": "stream",
          "name": "stdout",
          "text": [
            "root\n",
            " |-- Date: string (nullable = true)\n",
            " |-- Time: string (nullable = true)\n",
            " |-- CO(GT): string (nullable = true)\n",
            " |-- PT08.S1(CO): integer (nullable = true)\n",
            " |-- NMHC(GT): integer (nullable = true)\n",
            " |-- C6H6(GT): string (nullable = true)\n",
            " |-- PT08.S2(NMHC): integer (nullable = true)\n",
            " |-- NOx(GT): integer (nullable = true)\n",
            " |-- PT08.S3(NOx): integer (nullable = true)\n",
            " |-- NO2(GT): integer (nullable = true)\n",
            " |-- PT08.S4(NO2): integer (nullable = true)\n",
            " |-- PT08.S5(O3): integer (nullable = true)\n",
            " |-- T: string (nullable = true)\n",
            " |-- RH: string (nullable = true)\n",
            " |-- AH: string (nullable = true)\n",
            "\n"
          ]
        }
      ],
      "source": [
        "data.printSchema()"
      ]
    },
    {
      "cell_type": "code",
      "execution_count": null,
      "metadata": {
        "id": "3NDgcOmodRQk",
        "colab": {
          "base_uri": "https://localhost:8080/"
        },
        "outputId": "9cceb955-2e1c-417c-98c4-4f5be0835492"
      },
      "outputs": [
        {
          "output_type": "stream",
          "name": "stdout",
          "text": [
            "+----------+--------+------+-----------+--------+--------+-------------+-------+------------+-------+------------+-----------+----+----+-----+\n",
            "|      Date|    Time|CO(GT)|PT08.S1(CO)|NMHC(GT)|C6H6(GT)|PT08.S2(NMHC)|NOx(GT)|PT08.S3(NOx)|NO2(GT)|PT08.S4(NO2)|PT08.S5(O3)|   T|  RH|   AH|\n",
            "+----------+--------+------+-----------+--------+--------+-------------+-------+------------+-------+------------+-----------+----+----+-----+\n",
            "|10/03/2004|18.00.00|   2,6|       1360|     150|    11,9|         1046|    166|        1056|    113|        1692|       1268|13,6|48,9|7,578|\n",
            "|10/03/2004|19.00.00|     2|       1292|     112|     9,4|          955|    103|        1174|     92|        1559|        972|13,3|47,7|7,255|\n",
            "|10/03/2004|20.00.00|   2,2|       1402|      88|     9,0|          939|    131|        1140|    114|        1555|       1074|11,9|54,0|7,502|\n",
            "|10/03/2004|21.00.00|   2,2|       1376|      80|     9,2|          948|    172|        1092|    122|        1584|       1203|11,0|60,0|7,867|\n",
            "|10/03/2004|22.00.00|   1,6|       1272|      51|     6,5|          836|    131|        1205|    116|        1490|       1110|11,2|59,6|7,888|\n",
            "|10/03/2004|23.00.00|   1,2|       1197|      38|     4,7|          750|     89|        1337|     96|        1393|        949|11,2|59,2|7,848|\n",
            "|11/03/2004|00.00.00|   1,2|       1185|      31|     3,6|          690|     62|        1462|     77|        1333|        733|11,3|56,8|7,603|\n",
            "|11/03/2004|01.00.00|     1|       1136|      31|     3,3|          672|     62|        1453|     76|        1333|        730|10,7|60,0|7,702|\n",
            "|11/03/2004|02.00.00|   0,9|       1094|      24|     2,3|          609|     45|        1579|     60|        1276|        620|10,7|59,7|7,648|\n",
            "|11/03/2004|03.00.00|   0,6|       1010|      19|     1,7|          561|   -200|        1705|   -200|        1235|        501|10,3|60,2|7,517|\n",
            "|11/03/2004|04.00.00|  -200|       1011|      14|     1,3|          527|     21|        1818|     34|        1197|        445|10,1|60,5|7,465|\n",
            "|11/03/2004|05.00.00|   0,7|       1066|       8|     1,1|          512|     16|        1918|     28|        1182|        422|11,0|56,2|7,366|\n",
            "|11/03/2004|06.00.00|   0,7|       1052|      16|     1,6|          553|     34|        1738|     48|        1221|        472|10,5|58,1|7,353|\n",
            "|11/03/2004|07.00.00|   1,1|       1144|      29|     3,2|          667|     98|        1490|     82|        1339|        730|10,2|59,6|7,417|\n",
            "|11/03/2004|08.00.00|     2|       1333|      64|     8,0|          900|    174|        1136|    112|        1517|       1102|10,8|57,4|7,408|\n",
            "|11/03/2004|09.00.00|   2,2|       1351|      87|     9,5|          960|    129|        1079|    101|        1583|       1028|10,5|60,6|7,691|\n",
            "|11/03/2004|10.00.00|   1,7|       1233|      77|     6,3|          827|    112|        1218|     98|        1446|        860|10,8|58,4|7,552|\n",
            "|11/03/2004|11.00.00|   1,5|       1179|      43|     5,0|          762|     95|        1328|     92|        1362|        671|10,5|57,9|7,352|\n",
            "|11/03/2004|12.00.00|   1,6|       1236|      61|     5,2|          774|    104|        1301|     95|        1401|        664| 9,5|66,8|7,951|\n",
            "|11/03/2004|13.00.00|   1,9|       1286|      63|     7,3|          869|    146|        1162|    112|        1537|        799| 8,3|76,4|8,393|\n",
            "+----------+--------+------+-----------+--------+--------+-------------+-------+------------+-------+------------+-----------+----+----+-----+\n",
            "only showing top 20 rows\n",
            "\n"
          ]
        }
      ],
      "source": [
        "data.show()"
      ]
    },
    {
      "cell_type": "markdown",
      "metadata": {
        "id": "QqtS1YY0muhu"
      },
      "source": [
        "Now, after examining the data and schema, I think I need to change some things.\n",
        "\n",
        "- The numeric values of some columnshave comma `(,)` in them, but not period `(.)`, and I need to change them.\n",
        "- Also, I need to change the schema of the updated numeric columns after updating them. I choose `double()`."
      ]
    },
    {
      "cell_type": "code",
      "execution_count": null,
      "metadata": {
        "id": "DbYEArshoCof",
        "colab": {
          "base_uri": "https://localhost:8080/"
        },
        "outputId": "5a4f0bca-dd10-4d1a-f543-25682f46cf4a"
      },
      "outputs": [
        {
          "output_type": "stream",
          "name": "stdout",
          "text": [
            "+----------+--------+------+-----------+--------+--------+-------------+-------+------------+-------+------------+-----------+----+----+-----+\n",
            "|      Date|    Time|CO(GT)|PT08.S1(CO)|NMHC(GT)|C6H6(GT)|PT08.S2(NMHC)|NOx(GT)|PT08.S3(NOx)|NO2(GT)|PT08.S4(NO2)|PT08.S5(O3)|   T|  RH|   AH|\n",
            "+----------+--------+------+-----------+--------+--------+-------------+-------+------------+-------+------------+-----------+----+----+-----+\n",
            "|10/03/2004|18.00.00|   2.6|       1360|     150|    11.9|         1046|    166|        1056|    113|        1692|       1268|13.6|48.9|7.578|\n",
            "|10/03/2004|19.00.00|     2|       1292|     112|     9.4|          955|    103|        1174|     92|        1559|        972|13.3|47.7|7.255|\n",
            "|10/03/2004|20.00.00|   2.2|       1402|      88|     9.0|          939|    131|        1140|    114|        1555|       1074|11.9|54.0|7.502|\n",
            "|10/03/2004|21.00.00|   2.2|       1376|      80|     9.2|          948|    172|        1092|    122|        1584|       1203|11.0|60.0|7.867|\n",
            "|10/03/2004|22.00.00|   1.6|       1272|      51|     6.5|          836|    131|        1205|    116|        1490|       1110|11.2|59.6|7.888|\n",
            "|10/03/2004|23.00.00|   1.2|       1197|      38|     4.7|          750|     89|        1337|     96|        1393|        949|11.2|59.2|7.848|\n",
            "|11/03/2004|00.00.00|   1.2|       1185|      31|     3.6|          690|     62|        1462|     77|        1333|        733|11.3|56.8|7.603|\n",
            "|11/03/2004|01.00.00|     1|       1136|      31|     3.3|          672|     62|        1453|     76|        1333|        730|10.7|60.0|7.702|\n",
            "|11/03/2004|02.00.00|   0.9|       1094|      24|     2.3|          609|     45|        1579|     60|        1276|        620|10.7|59.7|7.648|\n",
            "|11/03/2004|03.00.00|   0.6|       1010|      19|     1.7|          561|   -200|        1705|   -200|        1235|        501|10.3|60.2|7.517|\n",
            "|11/03/2004|04.00.00|  -200|       1011|      14|     1.3|          527|     21|        1818|     34|        1197|        445|10.1|60.5|7.465|\n",
            "|11/03/2004|05.00.00|   0.7|       1066|       8|     1.1|          512|     16|        1918|     28|        1182|        422|11.0|56.2|7.366|\n",
            "|11/03/2004|06.00.00|   0.7|       1052|      16|     1.6|          553|     34|        1738|     48|        1221|        472|10.5|58.1|7.353|\n",
            "|11/03/2004|07.00.00|   1.1|       1144|      29|     3.2|          667|     98|        1490|     82|        1339|        730|10.2|59.6|7.417|\n",
            "|11/03/2004|08.00.00|     2|       1333|      64|     8.0|          900|    174|        1136|    112|        1517|       1102|10.8|57.4|7.408|\n",
            "|11/03/2004|09.00.00|   2.2|       1351|      87|     9.5|          960|    129|        1079|    101|        1583|       1028|10.5|60.6|7.691|\n",
            "|11/03/2004|10.00.00|   1.7|       1233|      77|     6.3|          827|    112|        1218|     98|        1446|        860|10.8|58.4|7.552|\n",
            "|11/03/2004|11.00.00|   1.5|       1179|      43|     5.0|          762|     95|        1328|     92|        1362|        671|10.5|57.9|7.352|\n",
            "|11/03/2004|12.00.00|   1.6|       1236|      61|     5.2|          774|    104|        1301|     95|        1401|        664| 9.5|66.8|7.951|\n",
            "|11/03/2004|13.00.00|   1.9|       1286|      63|     7.3|          869|    146|        1162|    112|        1537|        799| 8.3|76.4|8.393|\n",
            "+----------+--------+------+-----------+--------+--------+-------------+-------+------------+-------+------------+-----------+----+----+-----+\n",
            "only showing top 20 rows\n",
            "\n"
          ]
        }
      ],
      "source": [
        "from pyspark.sql.functions import col, regexp_replace\n",
        "columns_to_change = [\"CO(GT)\", \"NMHC(GT)\", \"C6H6(GT)\", \"T\", \"RH\", \"AH\", ]\n",
        "\n",
        "for column in columns_to_change:\n",
        "    data = data.withColumn(column, regexp_replace(col(column), ',', '.'))\n",
        "\n",
        "data.show()"
      ]
    },
    {
      "cell_type": "markdown",
      "metadata": {
        "id": "LX5Ex-You_N7"
      },
      "source": [
        "I want to rename columns with lower letters and underscores only, no other characters"
      ]
    },
    {
      "cell_type": "code",
      "execution_count": null,
      "metadata": {
        "id": "mFBeQJSmuLNS",
        "colab": {
          "base_uri": "https://localhost:8080/"
        },
        "outputId": "9d6487e0-c872-4ee3-f3ff-92b179495f25"
      },
      "outputs": [
        {
          "output_type": "stream",
          "name": "stdout",
          "text": [
            "+----------+--------+----+---------+------+------+-----------+-----+----------+-----+----------+---------+----+----+-----+\n",
            "|      date|    time|cogt|pt08_s1co|nmhcgt|c6h6gt|pt08_s2nmhc|noxgt|pt08_s3nox|no2gt|pt08_s4no2|pt08_s5o3|   t|  rh|   ah|\n",
            "+----------+--------+----+---------+------+------+-----------+-----+----------+-----+----------+---------+----+----+-----+\n",
            "|10/03/2004|18.00.00| 2.6|     1360|   150|  11.9|       1046|  166|      1056|  113|      1692|     1268|13.6|48.9|7.578|\n",
            "|10/03/2004|19.00.00|   2|     1292|   112|   9.4|        955|  103|      1174|   92|      1559|      972|13.3|47.7|7.255|\n",
            "|10/03/2004|20.00.00| 2.2|     1402|    88|   9.0|        939|  131|      1140|  114|      1555|     1074|11.9|54.0|7.502|\n",
            "|10/03/2004|21.00.00| 2.2|     1376|    80|   9.2|        948|  172|      1092|  122|      1584|     1203|11.0|60.0|7.867|\n",
            "|10/03/2004|22.00.00| 1.6|     1272|    51|   6.5|        836|  131|      1205|  116|      1490|     1110|11.2|59.6|7.888|\n",
            "|10/03/2004|23.00.00| 1.2|     1197|    38|   4.7|        750|   89|      1337|   96|      1393|      949|11.2|59.2|7.848|\n",
            "|11/03/2004|00.00.00| 1.2|     1185|    31|   3.6|        690|   62|      1462|   77|      1333|      733|11.3|56.8|7.603|\n",
            "|11/03/2004|01.00.00|   1|     1136|    31|   3.3|        672|   62|      1453|   76|      1333|      730|10.7|60.0|7.702|\n",
            "|11/03/2004|02.00.00| 0.9|     1094|    24|   2.3|        609|   45|      1579|   60|      1276|      620|10.7|59.7|7.648|\n",
            "|11/03/2004|03.00.00| 0.6|     1010|    19|   1.7|        561| -200|      1705| -200|      1235|      501|10.3|60.2|7.517|\n",
            "|11/03/2004|04.00.00|-200|     1011|    14|   1.3|        527|   21|      1818|   34|      1197|      445|10.1|60.5|7.465|\n",
            "|11/03/2004|05.00.00| 0.7|     1066|     8|   1.1|        512|   16|      1918|   28|      1182|      422|11.0|56.2|7.366|\n",
            "|11/03/2004|06.00.00| 0.7|     1052|    16|   1.6|        553|   34|      1738|   48|      1221|      472|10.5|58.1|7.353|\n",
            "|11/03/2004|07.00.00| 1.1|     1144|    29|   3.2|        667|   98|      1490|   82|      1339|      730|10.2|59.6|7.417|\n",
            "|11/03/2004|08.00.00|   2|     1333|    64|   8.0|        900|  174|      1136|  112|      1517|     1102|10.8|57.4|7.408|\n",
            "|11/03/2004|09.00.00| 2.2|     1351|    87|   9.5|        960|  129|      1079|  101|      1583|     1028|10.5|60.6|7.691|\n",
            "|11/03/2004|10.00.00| 1.7|     1233|    77|   6.3|        827|  112|      1218|   98|      1446|      860|10.8|58.4|7.552|\n",
            "|11/03/2004|11.00.00| 1.5|     1179|    43|   5.0|        762|   95|      1328|   92|      1362|      671|10.5|57.9|7.352|\n",
            "|11/03/2004|12.00.00| 1.6|     1236|    61|   5.2|        774|  104|      1301|   95|      1401|      664| 9.5|66.8|7.951|\n",
            "|11/03/2004|13.00.00| 1.9|     1286|    63|   7.3|        869|  146|      1162|  112|      1537|      799| 8.3|76.4|8.393|\n",
            "+----------+--------+----+---------+------+------+-----------+-----+----------+-----+----------+---------+----+----+-----+\n",
            "only showing top 20 rows\n",
            "\n"
          ]
        }
      ],
      "source": [
        "current_cols = data.columns\n",
        "new_cols = [col.lower().replace('(', '').replace(')', '').replace('.', '_').replace(' ', '_') for col in current_cols]\n",
        "\n",
        "data = data.toDF(*new_cols)\n",
        "\n",
        "data.show()"
      ]
    },
    {
      "cell_type": "code",
      "execution_count": null,
      "metadata": {
        "id": "SdrmQlgdvEUH",
        "colab": {
          "base_uri": "https://localhost:8080/"
        },
        "outputId": "68ee1e24-a91e-4f9f-a0cf-b07871f840d2"
      },
      "outputs": [
        {
          "output_type": "stream",
          "name": "stdout",
          "text": [
            "root\n",
            " |-- date: date (nullable = true)\n",
            " |-- time: string (nullable = true)\n",
            " |-- cogt: double (nullable = true)\n",
            " |-- pt08_s1co: double (nullable = true)\n",
            " |-- nmhcgt: double (nullable = true)\n",
            " |-- c6h6gt: double (nullable = true)\n",
            " |-- pt08_s2nmhc: double (nullable = true)\n",
            " |-- noxgt: double (nullable = true)\n",
            " |-- pt08_s3nox: double (nullable = true)\n",
            " |-- no2gt: double (nullable = true)\n",
            " |-- pt08_s4no2: double (nullable = true)\n",
            " |-- pt08_s5o3: double (nullable = true)\n",
            " |-- t: double (nullable = true)\n",
            " |-- rh: double (nullable = true)\n",
            " |-- ah: double (nullable = true)\n",
            "\n"
          ]
        }
      ],
      "source": [
        "from pyspark.sql.functions import col\n",
        "from pyspark.sql.functions import to_date\n",
        "data = data.withColumn(\"date\", to_date(\"date\", \"dd/MM/yyyy\"))\n",
        "\n",
        "\n",
        "\n",
        "double_cols = ['cogt', 'pt08_s1co', 'nmhcgt', 'c6h6gt', 'pt08_s2nmhc', 'noxgt', 'pt08_s3nox', \\\n",
        "               'no2gt', 'pt08_s4no2', 'pt08_s5o3', 't', 'rh', 'ah']\n",
        "for col_name in double_cols:\n",
        "    data = data.withColumn(col_name, col(col_name).cast('double'))\n",
        "\n",
        "data.printSchema()"
      ]
    },
    {
      "cell_type": "markdown",
      "metadata": {
        "id": "qKCnxpv9wPoe"
      },
      "source": [
        "Now, the datatypes are also changed\n"
      ]
    },
    {
      "cell_type": "code",
      "execution_count": null,
      "metadata": {
        "id": "HrLLAkfLwVSz",
        "colab": {
          "base_uri": "https://localhost:8080/"
        },
        "outputId": "87585982-666f-4b98-87f6-6cd5e8ca0a34"
      },
      "outputs": [
        {
          "output_type": "stream",
          "name": "stdout",
          "text": [
            "+----------+--------+------+---------+------+------+-----------+------+----------+------+----------+---------+----+----+-----+\n",
            "|      date|    time|  cogt|pt08_s1co|nmhcgt|c6h6gt|pt08_s2nmhc| noxgt|pt08_s3nox| no2gt|pt08_s4no2|pt08_s5o3|   t|  rh|   ah|\n",
            "+----------+--------+------+---------+------+------+-----------+------+----------+------+----------+---------+----+----+-----+\n",
            "|2004-03-10|18.00.00|   2.6|   1360.0| 150.0|  11.9|     1046.0| 166.0|    1056.0| 113.0|    1692.0|   1268.0|13.6|48.9|7.578|\n",
            "|2004-03-10|19.00.00|   2.0|   1292.0| 112.0|   9.4|      955.0| 103.0|    1174.0|  92.0|    1559.0|    972.0|13.3|47.7|7.255|\n",
            "|2004-03-10|20.00.00|   2.2|   1402.0|  88.0|   9.0|      939.0| 131.0|    1140.0| 114.0|    1555.0|   1074.0|11.9|54.0|7.502|\n",
            "|2004-03-10|21.00.00|   2.2|   1376.0|  80.0|   9.2|      948.0| 172.0|    1092.0| 122.0|    1584.0|   1203.0|11.0|60.0|7.867|\n",
            "|2004-03-10|22.00.00|   1.6|   1272.0|  51.0|   6.5|      836.0| 131.0|    1205.0| 116.0|    1490.0|   1110.0|11.2|59.6|7.888|\n",
            "|2004-03-10|23.00.00|   1.2|   1197.0|  38.0|   4.7|      750.0|  89.0|    1337.0|  96.0|    1393.0|    949.0|11.2|59.2|7.848|\n",
            "|2004-03-11|00.00.00|   1.2|   1185.0|  31.0|   3.6|      690.0|  62.0|    1462.0|  77.0|    1333.0|    733.0|11.3|56.8|7.603|\n",
            "|2004-03-11|01.00.00|   1.0|   1136.0|  31.0|   3.3|      672.0|  62.0|    1453.0|  76.0|    1333.0|    730.0|10.7|60.0|7.702|\n",
            "|2004-03-11|02.00.00|   0.9|   1094.0|  24.0|   2.3|      609.0|  45.0|    1579.0|  60.0|    1276.0|    620.0|10.7|59.7|7.648|\n",
            "|2004-03-11|03.00.00|   0.6|   1010.0|  19.0|   1.7|      561.0|-200.0|    1705.0|-200.0|    1235.0|    501.0|10.3|60.2|7.517|\n",
            "|2004-03-11|04.00.00|-200.0|   1011.0|  14.0|   1.3|      527.0|  21.0|    1818.0|  34.0|    1197.0|    445.0|10.1|60.5|7.465|\n",
            "|2004-03-11|05.00.00|   0.7|   1066.0|   8.0|   1.1|      512.0|  16.0|    1918.0|  28.0|    1182.0|    422.0|11.0|56.2|7.366|\n",
            "|2004-03-11|06.00.00|   0.7|   1052.0|  16.0|   1.6|      553.0|  34.0|    1738.0|  48.0|    1221.0|    472.0|10.5|58.1|7.353|\n",
            "|2004-03-11|07.00.00|   1.1|   1144.0|  29.0|   3.2|      667.0|  98.0|    1490.0|  82.0|    1339.0|    730.0|10.2|59.6|7.417|\n",
            "|2004-03-11|08.00.00|   2.0|   1333.0|  64.0|   8.0|      900.0| 174.0|    1136.0| 112.0|    1517.0|   1102.0|10.8|57.4|7.408|\n",
            "|2004-03-11|09.00.00|   2.2|   1351.0|  87.0|   9.5|      960.0| 129.0|    1079.0| 101.0|    1583.0|   1028.0|10.5|60.6|7.691|\n",
            "|2004-03-11|10.00.00|   1.7|   1233.0|  77.0|   6.3|      827.0| 112.0|    1218.0|  98.0|    1446.0|    860.0|10.8|58.4|7.552|\n",
            "|2004-03-11|11.00.00|   1.5|   1179.0|  43.0|   5.0|      762.0|  95.0|    1328.0|  92.0|    1362.0|    671.0|10.5|57.9|7.352|\n",
            "|2004-03-11|12.00.00|   1.6|   1236.0|  61.0|   5.2|      774.0| 104.0|    1301.0|  95.0|    1401.0|    664.0| 9.5|66.8|7.951|\n",
            "|2004-03-11|13.00.00|   1.9|   1286.0|  63.0|   7.3|      869.0| 146.0|    1162.0| 112.0|    1537.0|    799.0| 8.3|76.4|8.393|\n",
            "+----------+--------+------+---------+------+------+-----------+------+----------+------+----------+---------+----+----+-----+\n",
            "only showing top 20 rows\n",
            "\n"
          ]
        }
      ],
      "source": [
        "data.show()"
      ]
    },
    {
      "cell_type": "markdown",
      "metadata": {
        "id": "twveQELY1RpX"
      },
      "source": [
        "Now I want to check for any null values\n",
        "\n"
      ]
    },
    {
      "cell_type": "code",
      "execution_count": null,
      "metadata": {
        "id": "DJ_-ItKr4Jx5",
        "colab": {
          "base_uri": "https://localhost:8080/"
        },
        "outputId": "1fb9de60-d026-454c-cfac-999fc827c152"
      },
      "outputs": [
        {
          "output_type": "execute_result",
